tree
version=v4
num_class=1
num_tree_per_iteration=1
label_index=0
max_feature_idx=49
objective=lambdarank
feature_names=log_channels log_height log_width log_output_channels log_filter_height_y log_filter_width_x log_pad_height log_pad_width log_stride_height log_stride_width log_dilation_height log_dilation_width log_groups log_n_mini_batch_size log_cpg log_opg log_farea log_spatial log_bxs cu_count wave_size lds_size_per_workgroup_kb l2_cache_total_kb boost_clock_mhz vram_bytes direction dtype_code arg_template_variant arg_split_k arg_pos0 arg_pos1 arg_pos2 arg_pos3 arg_pos4 arg_pos5 arg_pos6 arg_pos7 arg_pos8 arg_pos9 arg_pos10 arg_pos11 arg_pos12 arg_pos13 arg_named_BlkGemmPipelineScheduler arg_named_BlkGemmPipelineVersion arg_cat0 arg_named_AEnableLds arg_named_BEnableLds arg_named_ABlockTransferSrcScalarPerVector arg_named_BBlockTransferSrcScalarPerVector
feature_infos=[0.69314718246459961:7.6783261299133301] [1.6094379425048828:6.9343972206115723] [1.6094379425048828:6.9343972206115723] [0.69314718246459961:8.5411052703857422] [0.69314718246459961:2.8332133293151855] [0.69314718246459961:3.0445225238800049] [0:3.6109178066253662] [0:3.6109178066253662] [0.69314718246459961:2.8332133293151855] [0.69314718246459961:2.8332133293151855] [0.69314718246459961:3.6109178066253662] [0.69314718246459961:3.6109178066253662] [0.69314718246459961:5.5490760803222656] [0.69314718246459961:8.3180103302001953] [0.69314718246459961:7.6783261299133301] [0.69314718246459961:8.5411052703857422] [0.69314718246459961:5.5490760803222656] [2.8332133293151855:13.866847038269043] [3.4965076446533203:15.407843589782715] [32:304] [32:64] [64:160] [2048:8192] [1700:2755] [536870912:309220868096] none [0:2] [-1:12] none [-1:256] [-1:256] [-1:256] [-1:128] [-1:32] [-1:32] [-1:16] [-1:8] [-1:8] [-1:8] [-1:8] [-1:2] [-1:2] [-1:32] [-1:1] [-1:4] [-1:4] [-1:0] [-1:0] [-1:1] [-1:1]
tree_sizes=6926 6888

Tree=0
num_leaves=63
num_cat=0
split_feature=27 31 39 27 27 41 15 37 36 19 31 33 19 19 0 44 15 18 27 27 27 15 29 15 37 27 29 37 29 31 15 27 24 3 35 33 44 27 36 15 15 31 33 37 29 15 48 31 3 0 26 19 16 15 19 15 0 31 31 3 35 42
split_gain=2510.66 917.232 840.154 507.078 1073.47 458.918 475.526 406.152 1507.88 320.847 312.934 292.007 665.163 279.17 215.177 171.176 174.729 147.442 124.405 120.63 119.833 106.12 105.535 113.136 93.5521 93.0457 92.5612 82.7534 82.5707 78.2374 142.304 78.1991 65.8688 59.14 55.7506 52.0106 45.7417 42.6478 41.4582 78.5877 57.688 41.0233 39.2299 56.0176 38.4784 87.7258 58.6332 54.5156 57.2776 37.5844 35.9908 35.144 28.7191 27.2498 26.0089 36.1811 28.9497 25.8125 25.2274 35.4717 24.5948 24.1889
threshold=1.5000000000000002 208.00000000000003 6.0000000000000009 2.5000000000000004 6.5000000000000009 1.0000000180025095e-35 4.2324235439300546 6.0000000000000009 1.5000000000000002 280.00000000000006 56.000000000000007 24.000000000000004 280.00000000000006 280.00000000000006 2.7361353635787968 1.0000000180025095e-35 4.9182729721069345 7.1350178718566903 2.5000000000000004 6.5000000000000009 10.500000000000002 3.8026961088180546 96.000000000000014 4.6510493755340585 6.0000000000000009 1.0000000180025095e-35 192.00000000000003 3.0000000000000004 192.00000000000003 240.00000000000003 4.9182729721069345 1.0000000180025095e-35 17137926144.000002 3.6941639184951787 1.5000000000000002 24.000000000000004 3.5000000000000004 11.500000000000002 1.5000000000000002 5.1720471382141122 3.6050398349761967 80.000000000000014 24.000000000000004 3.0000000000000004 48.000000000000007 3.8026961088180546 1.0000000180025095e-35 80.000000000000014 4.4845800399780282 5.9931647777557382 1.0000000180025095e-35 280.00000000000006 1.2424533367156985 4.7789824008941659 280.00000000000006 5.0290689468383798 6.1245300769805917 112.00000000000001 80.000000000000014 5.8491752147674569 1.5000000000000002 1.0000000180025095e-35
decision_type=2 2 2 2 2 2 2 2 2 2 2 2 2 2 2 2 2 2 2 2 2 2 2 2 2 2 2 2 2 2 2 2 2 2 2 2 2 2 2 2 2 2 2 2 2 2 2 2 2 2 2 2 2 2 2 2 2 2 2 2 2 2
left_child=7 2 5 21 26 9 10 8 -1 44 33 12 29 24 31 16 -3 34 -18 -20 -15 -4 23 -13 -6 -14 32 -16 49 38 -31 -10 52 -7 -8 -26 -28 60 39 -9 41 -40 -19 -44 45 -2 47 -46 -49 -23 -30 -21 -5 -45 -17 -56 -57 -52 59 -42 -37 -12
right_child=1 15 3 4 13 6 17 11 14 -11 61 22 25 20 27 54 18 42 19 51 -22 28 -24 -25 35 -27 36 -29 50 30 -32 -33 -34 -35 -36 37 -38 -39 40 -41 58 -43 43 53 46 -47 -48 48 -50 -51 57 -53 -54 -55 55 56 -58 -59 -60 -61 -62 -63
leaf_value=0.18169025311782416 0.16461532637493373 -0.18238956021994335 -0.091379847637004658 0.14336627814603076 -0.086124087447914194 0.12772923261763577 0.13498081601781572 0.11886612026178756 -0.078407818423340714 -0.19895928113269504 -0.15836246646126961 0.15193121211789762 -0.19698850043568084 -0.19627824324818388 -0.18543398328318716 -0.19226560922686631 0.16627048993699195 -0.19017769515575594 -0.19331026771934187 0.13923690770991398 0.10960611476431877 0.0601076123359396 0.18005720340005268 -0.082890365760676432 -0.035707873465658575 0.12381492974700964 -0.17368292752972014 -0.023436501361341705 -0.12675612587041982 -0.18040914433646082 0.11574301643971392 0.16929908543482974 -0.1280360641080236 -0.001264379247209129 -0.17648944245397519 0.076289108744093503 -0.045647127436463972 0.0062574605617695574 0.1060971200471153 -0.10275398398603018 0.13365146849403628 -0.096960189820883391 -0.19275198735960231 -0.0048583592005068468 -0.064201079969863392 -0.14955940415214652 0.11459098556235366 -0.15928534129128463 0.11560768928230934 -0.15454303663055757 0.080519809006493331 -0.20000000000000001 -0.10611140907980238 -0.11811277116928041 -0.19777154965932695 -0.15394157967129057 -0.012537807737381121 0.16439304952400172 0.16812398758379704 -0.024510912036095747 0.17247123088384245 -0.061334984613265447
leaf_weight=302.55893963183007 14.001716292259514 73.847448936518049 21.777088375994936 21.558190929063134 18.538314937322866 105.35528228647308 22.113142624148171 61.676111324573867 23.007312284877116 57.900081251980737 84.673366264934884 53.558638084388804 90.651800001738593 41.301084710052237 237.00832590712253 439.46969881816767 36.903368168015731 436.7720042932342 33.40786766828387 22.624573673791023 18.564152712817304 29.144632024457678 590.44767494674306 33.258108067442663 15.225436203065327 10.042620722495483 274.00581564570894 36.372573066415498 4.6118167303502551 24.558794646407478 47.814492863108171 28.571191167800862 28.015384507394629 53.637002344999928 7.7644703995902082 29.553073236864293 31.066491862293333 18.493075501464773 25.31784964678809 21.605769393063383 124.07903241354506 16.390317721292377 96.542077683494426 28.856427198945312 46.748769395766431 24.333001530379988 144.527256821224 8.7863031987799314 55.19916388229467 11.327731997385852 41.637909346813103 3.530357976909726 5.8709258311428121 80.541389246471226 53.009051799948793 29.037248467298923 28.877088836132316 308.97098101500887 262.66877086728346 16.009567824628903 264.81598874577321 36.886757747772208
leaf_count=8494 1228 6961 2285 2462 2874 8149 1247 7350 1853 8717 6160 3842 12669 5413 24686 25165 1430 78528 1962 3103 848 3983 33543 9723 2801 1264 14061 4530 310 4172 4272 2651 3687 7537 612 6281 1702 1430 3389 6820 16180 3602 8036 3841 5868 6624 27560 965 3508 5267 2610 600 1070 20488 6275 3260 4054 12946 22031 5189 20048 3620
internal_value=-4.60454e-05 -0.0548902 -0.0261258 0.0348474 -0.0134237 -0.0814831 -0.1175 0.0877283 0.0210405 0.0161823 -0.00813538 0.118095 0.0728431 0.0979884 -0.128535 -0.154234 -0.0666244 -0.163118 0.0219969 -0.0673907 -0.101424 0.123535 0.164921 0.0619748 0.132429 -0.164994 -0.139043 -0.163881 0.135362 0.11275 0.0152482 0.058806 -0.0201866 0.0842125 0.0540372 0.144778 -0.160645 0.153561 0.126121 0.0613713 0.138253 0.0263004 -0.173213 -0.137233 0.0586104 -0.0348074 0.0726397 0.017886 0.0778602 2.94557e-05 0.150782 0.0934472 0.0899681 -0.0882391 -0.181344 -0.138075 -0.0834352 0.154432 0.149847 0.115576 0.162815 -0.12892
internal_weight=5215.42 3209.82 2489.12 1184.48 767.008 1304.64 953.142 2005.6 627.518 351.496 280.552 1378.08 700.815 406.491 324.959 720.707 170.314 672.59 96.4662 59.5628 59.8652 417.47 677.264 86.8167 346.626 100.694 360.517 273.381 395.693 600.121 72.3733 51.5785 55.4445 158.992 29.8776 328.088 305.072 312.862 527.747 83.2819 444.466 41.7082 642.712 205.94 293.596 38.3347 255.261 110.734 63.9855 40.4724 355.221 26.1549 27.4291 109.398 550.393 110.923 57.9143 350.609 402.757 140.089 294.369 121.56
internal_count=511836 335576 282766 90078 62677 192688 138218 176260 42214 54470 25466 134046 86938 39695 33720 52810 14056 112752 7095 5665 6261 27401 47108 13565 33434 13933 22982 29216 25116 73005 8444 4504 7219 15686 1859 30560 15763 27759 64561 14170 50391 6991 110893 32365 45753 7852 37901 10341 4473 9250 15866 3703 3532 24329 38754 13589 7314 15556 43400 21369 26329 9780
is_linear=0
shrinkage=0.1


Tree=1
num_leaves=63
num_cat=0
split_feature=44 27 27 35 27 39 30 19 15 22 33 15 27 31 15 19 37 16 4 14 19 27 23 42 15 31 16 36 43 18 35 0 27 0 16 22 19 4 39 21 30 14 19 31 14 0 18 26 13 0 18 36 39 21 33 33 15 33 31 14 15 31
split_gain=4639.3 1952.24 659.346 328.875 477.426 875.272 577.841 446.086 296.709 190.328 182.281 181.138 175.907 174.818 244.058 182.808 167.193 153.435 143.167 134.615 122.459 104.311 96.3284 82.7712 81.7923 89.5264 70.9609 70.6587 69.7154 69.204 65.7222 65.7082 64.8779 62.0177 76.7306 71.2527 60.0841 59.1409 54.5197 51.7569 64.5109 145.792 49.4535 48.5556 51.6543 48.1491 39.401 38.1087 78.5271 35.155 34.3233 32.6056 53.3194 31.309 29.7572 29.288 44.3399 29.1767 28.0818 42.0171 27.4771 30.3968
threshold=-1.0000000180025095e-35 8.5000000000000018 1.5000000000000002 3.5000000000000004 1.0000000180025095e-35 6.0000000000000009 48.000000000000007 280.00000000000006 4.342454433441163 7168.0000000000009 24.000000000000004 4.1426305770874032 2.5000000000000004 56.000000000000007 4.7789824008941659 100.00000000000001 6.0000000000000009 0.89587974548339855 0.89587974548339855 3.1316992044448857 100.00000000000001 6.5000000000000009 2202.0000000000005 24.000000000000004 3.6050398349761967 240.00000000000003 1.2424533367156985 3.5000000000000004 1.0000000180025095e-35 11.049697875976564 1.5000000000000002 4.8278014659881601 11.500000000000002 1.4978661537170412 1.2424533367156985 7168.0000000000009 100.00000000000001 1.2424533367156985 3.0000000000000004 112.00000000000001 96.000000000000014 6.2556321620941171 280.00000000000006 112.00000000000001 6.2556321620941171 2.7361353635787968 8.5999870300292987 1.5000000000000002 5.4457051753997812 5.5169365406036386 6.7990658283233651 3.5000000000000004 6.0000000000000009 112.00000000000001 24.000000000000004 24.000000000000004 3.3576917648315434 24.000000000000004 80.000000000000014 6.2556321620941171 4.6510493755340585 240.00000000000003
decision_type=2 2 2 2 2 2 2 2 2 2 2 2 2 2 2 2 2 2 2 2 2 2 2 2 2 2 2 2 2 2 2 2 2 2 2 2 2 2 2 2 2 2 2 2 2 2 2 2 2 2 2 2 2 2 2 2 2 2 2 2 2 2
left_child=1 3 9 4 7 11 42 20 23 22 -8 36 17 14 49 37 19 29 24 21 33 -15 -2 31 25 -18 -3 50 -24 51 -11 -5 45 -1 35 -35 57 -16 -13 -26 41 -41 -7 44 -42 -28 -10 -37 -49 -12 54 52 -4 -51 -19 56 -52 -6 -32 -60 61 -45
right_child=2 26 12 8 5 6 10 -9 46 30 13 38 -14 16 15 -17 18 27 -20 -21 -22 -23 28 -25 39 -27 32 -29 -30 -31 58 -33 -34 34 -36 47 -38 -39 -40 40 43 -43 -44 60 -46 -47 -48 48 -50 53 55 -53 -54 -55 -56 -57 -58 -59 59 -61 -62 -63
leaf_value=0.048567394560223673 -0.15206837838062393 -0.13991439963932983 -0.11818296151562556 -0.030969061214485422 -0.066528770530971532 -0.12107348321265102 -0.11175824205771356 0.032408055347522863 0.0061619791078360037 -0.12937569398547066 0.1354641617603469 -0.14937226661359249 -0.1563041611863778 0.1712239680755657 0.074193219674031696 -0.11747116634665696 0.078978157886914424 0.084559721009613037 0.05802508393951647 -0.1629407078510795 0.18544881238986777 -0.056746288289198345 -0.18662659018930017 -0.19410977489377212 0.14173891055958732 -0.15229798447553602 0.0004412107351669766 -0.14162748208876239 -0.041535954401996152 -0.14960529451587171 -0.006193079300902714 0.10933800565899324 -0.15665711798216983 0.15709858514666553 0.17920284785183982 0.12517942510079993 -0.050560007268062826 -0.095347669127832213 -0.053651440833914259 0.13368847045709711 0.12464258503127963 -0.11579590851624476 -0.016365512040209054 0.15478756585669981 -0.03275271008281485 -0.082368794896863162 0.16257434507553506 0.12864779048797001 -0.035332953075171966 0.086400363993711926 0.073943543848605381 -0.15171136166872745 0.0066133934707722237 -0.05577645726009265 -0.1117645428120147 -0.027812025444283392 -0.10126594216785614 0.072165727774642544 0.02947533682368534 0.13444667801003887 0.17324203200521096 -0.083885127769403989
leaf_weight=113.231595912599 107.93788987770586 314.31883939486215 66.109940440946957 75.241353973862715 18.490890093322378 161.77805934134631 50.907050130161224 551.0215391642414 16.52548846649006 28.292117763823626 138.06180512570427 232.98677759445127 1030.3848535275192 39.866248128430016 116.55778150027618 138.03747251939603 138.49532706668833 34.810517266974784 559.10071211325703 42.917882074867521 419.32748161046766 40.422524034569506 35.09832559334609 18.526713688392192 801.44012713678512 19.03827225671921 100.77148419810692 85.16501108292141 586.62677392290243 509.86907124508798 151.64943623850559 59.99064140371047 81.834240992131527 126.38787793368101 197.04978776490316 59.517748671583831 161.31575334556692 24.985441952943802 79.912375443567726 53.955625933987903 53.204112530685961 41.39283186171815 62.544841131240901 12.393578145187348 34.288575226441026 231.54722313463571 633.16486313252244 47.463523305952549 75.908677300438285 70.842017077535274 16.034293876029551 44.932139999029459 71.008555522086681 19.822475580047467 9.9207503447541949 219.82190985592024 145.60702390075312 84.393278412637301 218.87746326201523 46.176051499016467 132.85257734404877 9.3706003539264202
leaf_count=1594 14504 51542 7750 1389 1390 8369 6632 2040 291 2945 1932 21962 71892 957 2433 5347 3012 963 8082 5630 2165 1019 1366 63 21239 493 2269 4777 38180 94122 19349 1077 2737 498 724 338 5457 331 6980 2053 1371 1340 3276 179 898 15456 9260 209 295 1104 649 2168 3358 464 557 9898 12519 1520 13344 5985 1919 174
internal_value=0.000316034 0.0501117 -0.0940823 0.0697063 0.0600364 0.0385623 0.0619631 0.10514 0.129033 -0.0334311 0.0755608 -0.0734452 -0.125978 0.079395 0.0270853 -0.0355888 0.0928326 -0.100009 0.100323 -0.0199733 0.143716 0.0564491 -0.064866 0.0041161 0.118564 0.0510279 -0.104088 -0.0584716 -0.0497268 -0.130708 0.018113 0.0312729 -0.0768985 0.115471 0.130433 0.0993597 -0.0124754 0.0442656 -0.124926 0.127906 0.0950535 0.0253819 -0.0918792 0.122492 0.062959 -0.0572577 0.158596 0.0594587 0.0277534 0.103694 -0.0418549 -0.0777815 -0.0535556 0.0553155 0.0410178 -0.0515727 -0.0838857 0.0472388 0.0281268 0.0477628 0.15618 0.0520267
internal_weight=9869.53 6461.2 3408.32 5732.73 4929.28 3339.38 2762.28 1589.91 803.449 1174.66 2537.95 577.099 2233.66 2487.05 508.307 279.581 1978.74 1203.28 1855.53 123.207 1038.89 80.2888 729.663 153.759 1296.43 157.534 728.472 511.36 621.725 691.92 444.995 135.232 414.153 619.559 506.328 309.278 264.2 141.543 312.899 1138.9 337.458 95.3485 224.323 242.109 87.4927 332.319 649.69 182.89 123.372 228.726 426.194 182.051 137.118 90.6645 44.7313 381.463 161.641 102.884 416.703 265.054 154.617 21.7642
internal_count=511836 207510 304326 135506 123426 115563 78254 7863 12080 95673 66609 37309 208653 59977 11611 8111 48366 136761 40760 7606 5823 1976 54050 2529 32678 3505 72004 29363 39546 107398 41623 2466 20462 3658 2064 1340 8367 2764 28942 29173 7934 3393 11645 4541 2269 17725 9551 842 504 3500 24586 13276 11108 1568 1520 23066 13168 2910 38678 19329 2272 353
is_linear=0
shrinkage=0.1


end of trees

feature_importances:
log_opg=16
arg_template_variant=15
arg_pos2=12
cu_count=10
log_channels=7
arg_pos4=7
arg_pos8=5
log_cpg=4
log_farea=4
log_bxs=4
arg_pos0=4
arg_pos6=4
arg_pos7=4
arg_pos10=4
log_output_channels=3
arg_named_BlkGemmPipelineVersion=3
log_filter_height_y=2
lds_size_per_workgroup_kb=2
l2_cache_total_kb=2
dtype_code=2
arg_pos1=2
arg_pos13=2
log_n_mini_batch_size=1
boost_clock_mhz=1
vram_bytes=1
arg_pos12=1
arg_named_BlkGemmPipelineScheduler=1
arg_named_ABlockTransferSrcScalarPerVector=1

parameters:
[boosting: gbdt]
[objective: lambdarank]
[metric: ndcg]
[tree_learner: serial]
[device_type: cpu]
[data_sample_strategy: bagging]
[data: ]
[valid: ]
[num_iterations: 1000]
[learning_rate: 0.1]
[num_leaves: 63]
[num_threads: 6]
[seed: 660236]
[deterministic: 1]
[force_col_wise: 0]
[force_row_wise: 0]
[histogram_pool_size: -1]
[max_depth: -1]
[min_data_in_leaf: 50]
[min_sum_hessian_in_leaf: 0.001]
[bagging_fraction: 0.9]
[pos_bagging_fraction: 1]
[neg_bagging_fraction: 1]
[bagging_freq: 5]
[bagging_seed: 25103]
[bagging_by_query: 0]
[feature_fraction: 0.9]
[feature_fraction_bynode: 1]
[feature_fraction_seed: 1948]
[extra_trees: 0]
[extra_seed: 8830]
[early_stopping_round: 0]
[early_stopping_min_delta: 0]
[first_metric_only: 0]
[max_delta_step: 0]
[lambda_l1: 0]
[lambda_l2: 0]
[linear_lambda: 0]
[min_gain_to_split: 0]
[drop_rate: 0.1]
[max_drop: 50]
[skip_drop: 0.5]
[xgboost_dart_mode: 0]
[uniform_drop: 0]
[drop_seed: 10892]
[top_rate: 0.2]
[other_rate: 0.1]
[min_data_per_group: 100]
[max_cat_threshold: 32]
[cat_l2: 10]
[cat_smooth: 10]
[max_cat_to_onehot: 4]
[top_k: 20]
[monotone_constraints: ]
[monotone_constraints_method: basic]
[monotone_penalty: 0]
[feature_contri: ]
[forcedsplits_filename: ]
[refit_decay_rate: 0.9]
[cegb_tradeoff: 1]
[cegb_penalty_split: 0]
[cegb_penalty_feature_lazy: ]
[cegb_penalty_feature_coupled: ]
[path_smooth: 0]
[interaction_constraints: ]
[verbosity: -1]
[saved_feature_importance_type: 0]
[use_quantized_grad: 0]
[num_grad_quant_bins: 4]
[quant_train_renew_leaf: 0]
[stochastic_rounding: 1]
[linear_tree: 0]
[max_bin: 255]
[max_bin_by_feature: ]
[min_data_in_bin: 3]
[bin_construct_sample_cnt: 200000]
[data_random_seed: 26171]
[is_enable_sparse: 1]
[enable_bundle: 1]
[use_missing: 1]
[zero_as_missing: 0]
[feature_pre_filter: 1]
[pre_partition: 0]
[two_round: 0]
[header: 0]
[label_column: ]
[weight_column: ]
[group_column: ]
[ignore_column: ]
[categorical_feature: ]
[forcedbins_filename: ]
[precise_float_parser: 0]
[parser_config_file: ]
[objective_seed: 19842]
[num_class: 1]
[is_unbalance: 0]
[scale_pos_weight: 1]
[sigmoid: 1]
[boost_from_average: 1]
[reg_sqrt: 0]
[alpha: 0.9]
[fair_c: 1]
[poisson_max_delta_step: 0.7]
[tweedie_variance_power: 1.5]
[lambdarank_truncation_level: 30]
[lambdarank_norm: 1]
[label_gain: 0,1,2,3,4,5,6,7,8,9,10,11,12,13,14,15]
[lambdarank_position_bias_regularization: 0]
[eval_at: 1]
[multi_error_top_k: 1]
[auc_mu_weights: ]
[num_machines: 1]
[local_listen_port: 12400]
[time_out: 120]
[machine_list_filename: ]
[machines: ]
[gpu_platform_id: -1]
[gpu_device_id: -1]
[gpu_use_dp: 0]
[num_gpu: 1]

end of parameters

pandas_categorical:[]
