tree
version=v4
num_class=1
num_tree_per_iteration=1
label_index=0
max_feature_idx=43
objective=lambdarank
feature_names=log_channels log_height log_width log_output_channels log_filter_height_y log_filter_width_x log_pad_height log_pad_width log_stride_height log_stride_width log_dilation_height log_dilation_width log_groups log_n_mini_batch_size log_cpg log_opg log_farea log_spatial log_bxs cu_count wave_size lds_size_per_workgroup_kb l2_cache_total_kb boost_clock_mhz vram_bytes direction dtype_code arg_template_variant arg_split_k arg_pos0 arg_pos1 arg_pos2 arg_pos3 arg_pos4 arg_pos5 arg_pos6 arg_cat0 arg_pos7 arg_pos8 arg_pos9 arg_pos10 arg_pos11 arg_pos12 arg_pos13
feature_infos=[0.69314718246459961:7.6783261299133301] [1.6094379425048828:6.1758670806884766] [1.6094379425048828:6.4630293846130371] [0.69314718246459961:7.6251072883605957] [0.69314718246459961:2.4849066734313965] [0.69314718246459961:3.0445225238800049] [0:3.6109178066253662] [0:3.6109178066253662] [0.69314718246459961:1.6094379425048828] [0.69314718246459961:1.6094379425048828] [0.69314718246459961:3.6109178066253662] [0.69314718246459961:3.6109178066253662] [0.69314718246459961:5.5490760803222656] [0.69314718246459961:8.3180103302001953] [0.69314718246459961:7.6783261299133301] [0.69314718246459961:7.6251072883605957] [0.69314718246459961:4.804020881652832] [2.8332133293151855:12.635257720947266] [3.4965076446533203:15.407843589782715] [0:304] [0:64] [0:160] [0:8192] [0:2755] [0:309220868096] none [0:2] [-1:3] none [-1:256] [-1:256] [-1:256] [-1:128] [-1:16] [-1:16] [-1:32] [-1:1] [-1:32] [-1:8] [-1:4] [-1:16] [-1:8] [-1:1] [-1:1]
tree_sizes=6866 6863

Tree=0
num_leaves=63
num_cat=0
split_feature=27 29 40 41 27 31 14 29 39 14 19 14 13 14 31 19 19 14 32 19 41 31 40 38 14 32 14 19 31 38 29 16 31 18 31 32 26 18 38 31 29 31 26 14 14 0 15 16 35 31 19 0 35 27 21 16 38 13 41 8 31 14
split_gain=2101.23 2426.24 1381.7 681.156 445.251 388.385 327.618 317.015 189.473 231.315 174.64 158.298 128.831 125.754 277.766 122.895 118.912 82.5498 159.004 78.9256 78.3625 156.864 69.5782 122.69 68.9091 63.3613 60.5635 167.139 58.2111 80.9926 48.5075 48.4091 63.9321 42.6633 41.5729 70.4225 40.7965 40.4819 34.55 33.4726 77.9038 31.487 31.2172 25.9675 25.9105 22.7091 22.3259 20.8806 20.638 20.1657 29.2228 40.0814 23.2133 19.2193 18.5997 16.8061 16.4322 16.285 15.9471 13.7944 13.6899 13.5601
threshold=-1.0000000180025095e-35 96.000000000000014 6.0000000000000009 3.0000000000000004 1.0000000180025095e-35 24.000000000000004 4.6510493755340585 192.00000000000003 1.5000000000000002 3.8026961088180546 100.00000000000001 4.2844183444976816 1.2424533367156985 4.2844183444976816 96.000000000000014 100.00000000000001 100.00000000000001 4.4845800399780282 24.000000000000004 280.00000000000006 1.5000000000000002 24.000000000000004 3.0000000000000004 1.5000000000000002 4.2844183444976816 48.000000000000007 2.7361353635787968 100.00000000000001 96.000000000000014 1.5000000000000002 192.00000000000003 2.1910133361816411 24.000000000000004 8.1845164299011248 96.000000000000014 48.000000000000007 1.0000000180025095e-35 11.182208061218263 1.5000000000000002 192.00000000000003 192.00000000000003 48.000000000000007 1.0000000180025095e-35 3.6050398349761967 4.9182729721069345 5.1720471382141122 4.1426305770874032 1.844439744949341 24.000000000000004 48.000000000000007 100.00000000000001 3.026044607162476 24.000000000000004 2.5000000000000004 112.00000000000001 1.2424533367156985 1.5000000000000002 5.4457051753997812 1.5000000000000002 0.89587974548339855 24.000000000000004 3.3576917648315434
decision_type=2 2 2 2 2 2 2 2 2 2 2 2 2 2 2 2 2 2 2 2 2 2 2 2 2 2 2 2 2 2 2 2 2 2 2 2 2 2 2 2 2 2 2 2 2 2 2 2 2 2 2 2 2 2 2 2 2 2 2 2 2 2
left_child=-1 8 4 6 11 24 7 16 9 37 -8 34 -12 14 56 45 -4 18 42 25 -14 -22 -10 26 -5 -13 27 -24 38 30 -30 32 61 -26 35 -3 -19 -2 57 -27 -41 -40 -6 -16 -42 -11 54 -20 -17 50 -39 59 -53 55 -44 -43 -7 -15 -34 -52 -38 -9
right_child=1 2 3 5 17 13 10 31 22 15 12 19 20 28 43 48 -18 36 47 -21 21 -23 23 -25 33 39 -28 -29 29 -31 -32 -33 58 -35 -36 -37 60 49 41 40 44 53 46 -45 -46 -47 -48 -49 -50 -51 51 52 -54 -55 -56 -57 -58 -59 -60 -61 -62 -63
leaf_value=0.17986358436947308 -0.073943387812021019 -0.11926271901338939 0.13545725764068334 0.061498153958977821 0.064352542953800065 0.18922107062691024 0.13367765386669742 0.053645266390811956 -0.19353326166316862 -0.00052824143433841261 0.13325322298753767 -0.076011233952134494 -0.18818464100493504 0.19244938206369927 -0.16703804423037372 -0.19694034314697126 -0.18841347886151627 -0.058673171301831084 -0.089867768556557509 -0.20000000000000001 -0.19427928223666449 0.070582325107751961 0.12872878172132052 0.0096406177992995855 0.14092378306369832 0.17259420502262102 -0.18466611640170588 -0.17051925996495454 -0.074526411126773717 0.18154210716980673 0.12475647123952882 0.1116335060783985 0.024359484063088625 -0.18410674788418505 -0.17854303060707802 0.1416798950686344 -0.19936700533403279 0.15449327316616923 -0.035397712771329713 -0.17919833589244349 -0.12977257865544209 -0.098465678259446826 0.030682836433569671 -0.033372173036145134 0.1655069397035612 -0.087310977110569579 -0.12280066618266727 -0.18544186185824146 -0.10076876381797201 -0.068480085817784392 0.032472604138860738 -0.15760481901053888 0.12393563529093424 0.11882856778708047 -0.067914606932503507 0.12774222386258366 0.11140568148954716 0.11258795007403188 0.15481034090801929 0.15743953029242716 -0.15444445466129333 -0.14577187354872576
leaf_weight=564.49918098410126 28.528836647048593 27.93964355182834 13.828232586150987 19.807072338240687 39.388530855998397 64.028575145814102 31.656289001461118 4.1013430432067279 455.56649790803203 44.95113467075862 19.0143226608634 15.737399695441125 128.54278361250181 51.540986312553287 34.756323446403258 160.6937523788074 62.916408245568164 35.421369111631066 29.462676970986649 8.4910802254453284 46.289648433215916 43.256003658520058 25.504020010586828 50.423984042892698 4.404243796830996 86.521488598780707 238.18243564415025 69.597428110893816 19.168047908169683 607.54031319727073 33.668855180905666 287.95930622587912 17.14314051537076 48.612810970516875 27.854804812930524 16.420914598274976 113.56408288516104 31.496100620715879 21.832139041798655 10.043839383288285 3.2851956463418892 8.3744121175259334 42.313133204414044 24.980064111761749 31.143799443263561 91.595084709231742 24.892714375222567 101.99242528900504 25.91194904258009 10.518884342862291 18.242727001023013 13.06072543631308 3.775035035214386 74.407346922205761 34.924326337873936 5.4035945718642315 47.099373594275676 50.602196492196526 20.669842749892268 17.124888190068305 168.47860223884345 20.22480019077193
leaf_count=7675 1164 970 338 904 1544 896 1055 248 11862 2141 442 596 8191 639 2114 7276 1824 1663 1333 535 3265 3236 1030 3328 122 2326 10643 1851 1906 12273 1873 8087 1033 3671 1066 436 5621 586 1879 576 240 661 1845 1672 924 4811 1547 2536 2167 474 698 619 172 3721 1686 138 1616 3193 811 311 11066 1384
internal_value=-0.00050281 -0.0265104 0.0285241 0.0772252 -0.0793626 0.125628 -0.00044605 0.0540106 -0.139121 -0.0864437 -0.0869341 0.0395188 -0.116389 0.141211 0.0627599 -0.130834 -0.130057 -0.125156 -0.0848326 0.0964228 -0.138154 -0.066335 -0.167109 -0.135735 -0.0976488 0.113576 -0.15773 -0.0902678 0.156574 0.171214 0.0524611 0.0943598 0.0143117 -0.157106 -0.082793 -0.0226698 -0.159828 0.0304205 0.111005 0.136353 0.0658458 0.0721211 -0.0112754 -0.111143 0.137332 -0.058742 -0.0404428 -0.164021 -0.183586 0.0620214 0.0784221 0.0325257 -0.0944758 0.0987397 -0.0138998 -0.00974923 0.156241 0.152886 0.0956683 0.0929812 -0.172532 -0.112151
internal_weight=4479.38 3914.88 2629.7 1811.83 817.876 1116.23 695.602 426.843 1285.17 445.899 268.759 227.438 237.103 1043.4 170.864 323.152 76.7446 590.438 272.974 155.223 218.088 89.5457 839.274 383.708 72.8241 146.732 333.284 95.1014 872.538 660.377 52.8369 350.098 62.1391 53.0171 72.2154 44.3606 317.464 122.747 212.161 130.994 44.4728 110.017 141.519 59.7364 34.429 136.546 102.13 131.455 186.606 94.2184 83.6995 52.2034 16.8358 88.1854 77.2375 13.778 111.128 102.143 37.813 35.3676 282.043 24.3261
internal_count=160510 152835 103702 67192 36510 37278 29914 13725 49133 20419 16189 7669 15134 32581 6298 16395 2162 28841 10491 5197 14692 6501 28714 16852 4697 4662 13524 2881 26283 16052 3779 11563 3476 3793 2472 1406 18350 4024 10231 4066 1740 6399 6622 3786 1164 6952 5078 3869 9443 2860 2386 1800 791 4520 3531 799 2512 3832 1844 1009 16687 1632
is_linear=0
shrinkage=0.1


Tree=1
num_leaves=63
num_cat=0
split_feature=27 30 36 41 39 0 38 38 19 41 0 40 36 39 40 40 19 1 32 0 18 36 30 38 29 24 29 3 23 29 30 19 0 0 18 27 35 0 16 16 32 16 22 39 35 26 33 16 26 2 24 3 29 41 30 36 41 3 1 22 26 23
split_gain=1489.84 2348.56 1578.16 626.542 358.511 574.787 338.274 342.777 298.184 231.553 215.845 213.906 201.448 196.009 181.237 131.67 121.979 110.263 108.417 100.117 145.586 98.613 110.243 94.2003 110.215 92.8574 144.151 91.3294 80.34 77.9754 82.247 74.5983 72.1017 60.2821 59.0755 58.8932 55.1059 76.6796 53.814 49.1038 47.9164 43.4725 38.0111 36.561 35.2146 34.6525 49.7799 34.3361 34.1368 32.0219 31.877 31.4239 30.2885 30.9836 31.7975 29.4477 27.7806 26.6179 25.9934 25.8931 32.4043 25.3998
threshold=-1.0000000180025095e-35 96.000000000000014 1.0000000180025095e-35 1.5000000000000002 1.5000000000000002 3.3576917648315434 1.5000000000000002 3.0000000000000004 100.00000000000001 6.0000000000000009 5.7957620620727548 3.0000000000000004 1.0000000180025095e-35 1.5000000000000002 6.0000000000000009 6.0000000000000009 280.00000000000006 3.4319016933441167 48.000000000000007 4.9182729721069345 12.412114620208742 1.0000000180025095e-35 48.000000000000007 1.5000000000000002 192.00000000000003 17137926144.000002 192.00000000000003 1.4978661537170412 2202.0000000000005 96.000000000000014 48.000000000000007 100.00000000000001 4.8278014659881601 1.4978661537170412 9.1147212982177752 1.0000000180025095e-35 6.0000000000000009 4.7789824008941659 1.2424533367156985 1.2424533367156985 48.000000000000007 1.2424533367156985 5120.0000000000009 3.0000000000000004 24.000000000000004 1.0000000180025095e-35 12.000000000000002 1.2424533367156985 1.0000000180025095e-35 3.4319016933441167 240501391360.00003 5.6077513694763192 192.00000000000003 3.0000000000000004 48.000000000000007 1.0000000180025095e-35 1.5000000000000002 4.1426305770874032 3.6050398349761967 5120.0000000000009 1.5000000000000002 2202.0000000000005
decision_type=2 2 2 2 2 2 2 2 2 2 2 2 2 2 2 2 2 2 2 2 2 2 2 2 2 2 2 2 2 2 2 2 2 2 2 2 2 2 2 2 2 2 2 2 2 2 2 2 2 2 2 2 2 2 2 2 2 2 2 2 2 2
left_child=16 4 3 23 5 14 10 9 12 19 40 27 29 36 -2 -9 33 -10 25 43 -21 34 -23 24 47 -17 28 -6 -27 30 -7 -25 48 61 -13 -32 -4 56 -12 -22 58 51 -30 -8 -19 -16 -47 -3 -18 -26 -11 -28 53 54 -14 -29 -38 -57 -5 -35 -61 -1
right_child=1 2 13 6 11 8 7 15 17 50 38 21 52 -15 45 18 32 44 -20 20 39 22 -24 31 49 26 41 55 42 -31 35 -33 -34 59 -36 -37 37 -39 -40 -41 -42 -43 -44 -45 -46 46 -48 -49 -50 -51 -52 -53 -54 -55 -56 57 -58 -59 -60 60 -62 -63
leaf_value=0.13907546539899704 -0.047018174764543286 -0.010290256749204522 0.13923626027967542 0.050729892196784754 0.010813451793529244 -0.084116254607332019 0.02775713610019595 -0.160494914131216 0.061750322206068187 -0.05277466607415654 -0.10635585583649393 -0.011539361143866058 0.037117130731180802 0.1641342873484018 0.11718284242381878 0.16102890931714323 0.10607794161252349 -0.14149457756308301 -0.089600370643082031 -0.068376267787911602 0.054269181112758226 -0.10428549716501706 0.059484179315251511 -0.042110541633907733 0.134771550608624 -0.08286474156875441 0.0007284932765622555 -0.16262548799055362 0.02194279037927338 -0.12205270399121282 0.095416570504882003 -0.13034252763462764 -0.06331777684566281 0.17442735032293266 -0.1023960333180763 -0.032982939725058572 0.00041698488875554872 0.0042267767667312547 0.068758113386964664 0.1770890290024783 0.1490566138867658 0.16552155349294828 0.16371493245232144 -0.14792352879363196 -0.04090240157277681 0.017582665130365136 0.088606186475933199 0.11025165099580031 0.046381443936413178 -0.056997855417074784 -0.10615991397294296 0.12041818314781945 -0.10541529199836402 -0.037593588277098772 0.13316511246834398 0.015638410011965403 0.14463923106093532 -0.12771367930237759 0.11525464524838613 0.15742032949596457 0.085688280503966763 0.082009428598863038
leaf_weight=91.636387284845114 236.78498848609161 40.573750904994085 90.664953250699909 107.66757293685805 34.511968236416578 192.57637524046004 18.260438158642501 25.591707287123427 29.27206601947546 188.8255695294356 58.843107745226007 80.611534473835491 68.460989235667512 774.38519819322391 85.879100851714611 119.38109730463475 132.05174294486642 673.18090116616804 38.763112138956785 53.817902744282037 55.505875742412172 69.557729134568945 100.48285710040363 149.19019718724303 8.8287464836612326 73.821429098257795 37.621914155781269 651.49369632819435 96.652698984369636 177.45529157470446 56.271576524712145 267.88960081501864 50.07149448338896 143.59311929624528 637.60385837176 97.820387867279351 16.169960448867641 151.98628389750957 25.006993313319981 78.715825513936579 260.35933304624632 103.29381689685397 23.512106943875551 33.72250550892204 36.698398716398515 236.17101091844961 169.51841264613904 56.588200914673507 348.84704508632421 633.55017517140368 274.37205667945091 52.609134197002277 10.84429295407608 24.020950029604137 69.417815936758416 16.383061223139521 76.749136214377359 61.864947186317295 148.60018775425851 124.78906579874456 127.13768283743411 523.99419540166855
leaf_count=440 4224 664 945 2455 261 2957 434 639 630 3790 2988 1807 2115 4956 668 469 502 28574 748 838 882 4258 2718 1802 125 793 594 10605 899 2983 932 5484 542 1284 15376 1092 698 9233 463 273 1903 516 77 522 2283 2840 1361 429 1168 10471 4273 422 272 479 1281 474 1006 3036 1818 511 865 2363
internal_value=-0.000265725 -0.0176975 0.0344535 -0.00289858 -0.0742841 -0.0475046 0.0328076 0.00365183 -0.0842056 -0.0430902 0.0946884 -0.109359 -0.0372753 0.136471 0.024855 0.0611925 0.0896942 -0.128451 0.0715899 0.0366241 0.0705814 -0.075986 -0.00750834 -0.0607802 -0.0393483 0.0839164 0.0601603 -0.148146 -0.000758202 -0.0681421 -0.0405459 -0.0987818 0.0508831 0.110075 -0.0921984 0.0139062 0.0726344 0.0479781 -0.0541308 0.126298 0.118842 0.121224 0.0496827 -0.0862109 -0.136294 0.0594758 0.04726 0.0599147 0.0627737 -0.0543622 -0.0843971 0.0705135 0.0563777 0.0672149 0.0854744 -0.155664 0.119541 -0.0976995 0.0881454 0.140537 0.12122 0.0905037
internal_weight=9500.52 7958.4 4141.52 3031.57 3816.88 2164.37 1874.94 1274.47 1436.02 703.22 600.477 1652.51 696.868 1109.96 728.354 571.247 1542.12 739.151 545.655 240.023 188.04 888.256 170.041 1156.62 739.541 506.892 387.511 764.254 193.986 524.124 346.668 417.08 530.97 1011.15 718.215 154.092 335.57 244.905 83.8501 134.222 516.627 193.525 120.165 51.9829 709.879 491.569 405.689 97.162 480.899 642.379 463.198 90.231 172.744 161.9 137.879 729.742 92.9191 78.248 256.268 395.52 251.927 615.631
internal_count=160510 152835 61609 44771 91226 52691 25796 16169 43598 11012 9627 38535 12111 16838 9093 5157 7675 31487 4518 2949 1993 24159 6976 18975 11689 3770 3301 14376 1769 7964 4981 7286 2212 5463 17183 2024 11882 10937 3451 1155 6176 1532 976 956 30857 4869 4201 1093 1670 10596 8063 1016 4147 3875 3396 14115 1704 3510 4273 2660 1376 2803
is_linear=0
shrinkage=0.1


end of trees

feature_importances:
log_cpg=10
arg_pos2=10
cu_count=9
log_channels=8
arg_pos0=8
log_farea=7
arg_pos8=7
arg_pos11=7
dtype_code=5
arg_template_variant=5
arg_pos3=5
arg_pos10=5
log_bxs=4
arg_pos1=4
arg_pos6=4
arg_cat0=4
arg_pos9=4
log_output_channels=3
log_height=2
log_n_mini_batch_size=2
l2_cache_total_kb=2
boost_clock_mhz=2
vram_bytes=2
log_width=1
log_stride_height=1
log_opg=1
lds_size_per_workgroup_kb=1
arg_pos4=1

parameters:
[boosting: gbdt]
[objective: lambdarank]
[metric: ndcg]
[tree_learner: serial]
[device_type: cpu]
[data_sample_strategy: bagging]
[data: ]
[valid: ]
[num_iterations: 1000]
[learning_rate: 0.1]
[num_leaves: 63]
[num_threads: 6]
[seed: 660236]
[deterministic: 1]
[force_col_wise: 0]
[force_row_wise: 0]
[histogram_pool_size: -1]
[max_depth: -1]
[min_data_in_leaf: 50]
[min_sum_hessian_in_leaf: 0.001]
[bagging_fraction: 0.9]
[pos_bagging_fraction: 1]
[neg_bagging_fraction: 1]
[bagging_freq: 5]
[bagging_seed: 25103]
[bagging_by_query: 0]
[feature_fraction: 0.9]
[feature_fraction_bynode: 1]
[feature_fraction_seed: 1948]
[extra_trees: 0]
[extra_seed: 8830]
[early_stopping_round: 0]
[early_stopping_min_delta: 0]
[first_metric_only: 0]
[max_delta_step: 0]
[lambda_l1: 0]
[lambda_l2: 0]
[linear_lambda: 0]
[min_gain_to_split: 0]
[drop_rate: 0.1]
[max_drop: 50]
[skip_drop: 0.5]
[xgboost_dart_mode: 0]
[uniform_drop: 0]
[drop_seed: 10892]
[top_rate: 0.2]
[other_rate: 0.1]
[min_data_per_group: 100]
[max_cat_threshold: 32]
[cat_l2: 10]
[cat_smooth: 10]
[max_cat_to_onehot: 4]
[top_k: 20]
[monotone_constraints: ]
[monotone_constraints_method: basic]
[monotone_penalty: 0]
[feature_contri: ]
[forcedsplits_filename: ]
[refit_decay_rate: 0.9]
[cegb_tradeoff: 1]
[cegb_penalty_split: 0]
[cegb_penalty_feature_lazy: ]
[cegb_penalty_feature_coupled: ]
[path_smooth: 0]
[interaction_constraints: ]
[verbosity: -1]
[saved_feature_importance_type: 0]
[use_quantized_grad: 0]
[num_grad_quant_bins: 4]
[quant_train_renew_leaf: 0]
[stochastic_rounding: 1]
[linear_tree: 0]
[max_bin: 255]
[max_bin_by_feature: ]
[min_data_in_bin: 3]
[bin_construct_sample_cnt: 200000]
[data_random_seed: 26171]
[is_enable_sparse: 1]
[enable_bundle: 1]
[use_missing: 1]
[zero_as_missing: 0]
[feature_pre_filter: 1]
[pre_partition: 0]
[two_round: 0]
[header: 0]
[label_column: ]
[weight_column: ]
[group_column: ]
[ignore_column: ]
[categorical_feature: ]
[forcedbins_filename: ]
[precise_float_parser: 0]
[parser_config_file: ]
[objective_seed: 19842]
[num_class: 1]
[is_unbalance: 0]
[scale_pos_weight: 1]
[sigmoid: 1]
[boost_from_average: 1]
[reg_sqrt: 0]
[alpha: 0.9]
[fair_c: 1]
[poisson_max_delta_step: 0.7]
[tweedie_variance_power: 1.5]
[lambdarank_truncation_level: 30]
[lambdarank_norm: 1]
[label_gain: 0,1,2,3,4,5,6,7,8,9,10,11,12,13,14,15]
[lambdarank_position_bias_regularization: 0]
[eval_at: 1]
[multi_error_top_k: 1]
[auc_mu_weights: ]
[num_machines: 1]
[local_listen_port: 12400]
[time_out: 120]
[machine_list_filename: ]
[machines: ]
[gpu_platform_id: -1]
[gpu_device_id: -1]
[gpu_use_dp: 0]
[num_gpu: 1]

end of parameters

pandas_categorical:[]
